<?xml version="1.0"?>
<opencv_storage>
<M1 type_id="opencv-matrix">
  <rows>3</rows>
  <cols>3</cols>
  <dt>d</dt>
  <data>
    2.6921253522349002e+03 0. 7.8911193890109996e+02 0.
    2.6926382130154998e+03 6.6144031365609999e+02 0. 0. 1.</data></M1>
<D1 type_id="opencv-matrix">
  <rows>1</rows>
  <cols>5</cols>
  <dt>d</dt>
  <data>
    1.5890010900000001e-02 2.0776841890000000e-01 3.3141731734269994e-03
    3.1594169433526249e-04 9.7627767139999999e-01</data></D1>
<M2 type_id="opencv-matrix">
  <rows>3</rows>
  <cols>3</cols>
  <dt>d</dt>
  <data>
    2.6914656779810002e+03 0. 7.8970631943900003e+02 0.
    2.6930503634022002e+03 6.2762960046329999e+02 0. 0. 1.</data></M2>
<D2 type_id="opencv-matrix">
  <rows>1</rows>
  <cols>5</cols>
  <dt>d</dt>
  <data>
    1.3175416299999999e-02 3.1685013299999998e-01
    -1.2524675914731952e-03 5.3384222517082315e-04
    1.9669161350000000e-01</data></D2>
<imageSize>
  1616 1240</imageSize>
<R type_id="opencv-matrix">
  <rows>3</rows>
  <cols>3</cols>
  <dt>d</dt>
  <data>
    9.5124557887244310e-01 4.8530179378995027e-04 3.0843413097406097e-01
    -2.0517880554083083e-03 9.9998659215561470e-01
    4.7545289895757981e-03 -3.0842768818294508e-01
    -5.1555662027476159e-03 9.5123382058907868e-01</data></R>
<T type_id="opencv-matrix">
  <rows>3</rows>
  <cols>1</cols>
  <dt>d</dt>
  <data>
    -3.1715815006507620e+02 7.8343863865582275e-01
    5.3814295843679467e+01</data></T>
</opencv_storage>
